.Random.seed <-
c(403L, 98L, -193380136L, -1475473245L, 1214901288L, -376467777L, 
-2096586059L, 833086206L, -1414872587L, -293405246L, 1496806094L, 
1399132841L, 1075122710L, 412163825L, -396576097L, -1529603424L, 
-197924681L, -89463168L, -1972889924L, -1320098521L, 554244844L, 
1888293755L, 46554009L, 2072520658L, 288394425L, 2030171110L, 
-1043509830L, 1171220213L, -959132686L, 1015108021L, 351704235L, 
869668108L, 1882515123L, -53954948L, -336121856L, 1627656891L, 
-803190368L, 1418047591L, 586225309L, 1863229334L, -1943424419L, 
-1253796310L, 376463430L, -384537119L, -1358234098L, 334042121L, 
-437999993L, 1865827656L, 648618895L, 1646291096L, -1465527756L, 
289345391L, 791401268L, 373028435L, 1377523281L, -865970278L, 
194252465L, -2099272674L, 394553058L, -132889431L, -1587365828L, 
2123069662L, 2060324824L, -289789366L, 257618227L, 1132783809L, 
112813621L, -1299945165L, -543734454L, 421276448L, -123851014L, 
1654855492L, -1207117551L, -1780688525L, 341183775L, 1875462389L, 
-1641932776L, 228744890L, 758984812L, 1537981062L, 306529639L, 
93451357L, 1572077625L, 1585108143L, -1482413258L, 1677077900L, 
803485326L, -1234416400L, 1075924165L, -1747814753L, -1656123789L, 
2034302369L, -2084555692L, 2064461814L, 1241376176L, 784253922L, 
-632504421L, -1419234183L, -1309055267L, -860498917L, -1536744174L, 
817974408L, -1781532126L, -2021452964L, -129009783L, -423414901L, 
826659623L, 934021645L, -1480452496L, 1453357810L, 72624676L, 
767963582L, -918618897L, 1989639541L, 1469608353L, -1936576809L, 
1800436414L, 1806813364L, -509107306L, -361314328L, -1567154019L, 
-1751447465L, -86042021L, 771859289L, -1089240788L, 812229294L, 
-1168585880L, 221781626L, -1762227581L, 394333233L, -1226289499L, 
-1119509341L, -2061321446L, -1087678192L, -387909910L, 123671444L, 
-2122890335L, -1413060029L, 214039279L, 1724863557L, 606635624L, 
796219914L, -1874023428L, -281360330L, 1856092919L, 684597773L, 
-260032567L, -507981441L, -89753946L, -1293490628L, -964424386L, 
997007136L, -1400700587L, 631545487L, 36159299L, -2075001967L, 
-1967564028L, 501626246L, 2105542784L, -1472680622L, -1004694101L, 
-1020367959L, -864894963L, 326125579L, 1260995234L, 1679474104L, 
-2042714670L, -1632322132L, -1327858279L, -567326053L, -194395593L, 
-229184419L, 1238719232L, 187719042L, 1653468468L, 262186606L, 
1407376255L, -1325549915L, -1025313871L, 2130629223L, -917646930L, 
1158651300L, 1623955078L, 183777368L, -1153682963L, -1355950073L, 
-81219605L, 573067081L, -790077860L, 443657726L, 391149688L, 
-795142998L, -322243629L, -658584159L, -1967598123L, 112073619L, 
2125311338L, -1391156544L, -1766425254L, -1197347420L, -1007163663L, 
1914607251L, 1864105727L, -1754422699L, -1720075272L, 2028520218L, 
-779718708L, -1606580058L, 1594503495L, -1749624323L, -236453351L, 
94395983L, 537240022L, -901872404L, 361614190L, 1900196816L, 
1496687077L, -437833537L, 1302261139L, 40229441L, -274289548L, 
-903867050L, 607225680L, -1068398590L, -54414149L, 216802009L, 
-1066932483L, 1298307003L, -1461005198L, -1786716696L, -674373822L, 
67696060L, -1670798743L, -202140629L, 448380743L, -584302739L, 
-1394393520L, 474468434L, 332816836L, 159067614L, 1049854863L, 
-773005483L, -25409407L, -707464649L, -1615099234L, -1219205100L, 
-493052042L, 1600966472L, 150658301L, 928212215L, 2087551099L, 
1228822521L, 472604620L, -438068146L, 556002184L, -1181988518L, 
1798333987L, 1159087377L, 696724677L, 1429825411L, -566743622L, 
-562820176L, 468994890L, -1843946380L, 192032257L, 767347299L, 
680123471L, -1523271515L, -1940615992L, 2020328682L, -1498774692L, 
-848002858L, 232631767L, -1550174547L, 167797417L, 269192095L, 
1018314950L, -2146044132L, 2109863070L, 1363049472L, 1436643701L, 
1144747567L, -1260268445L, 1335819313L, -852554332L, 1207758566L, 
-1044706188L, -528994604L, 1297580328L, 514595346L, -1136787549L, 
67940995L, 1403549799L, 654728869L, -187422990L, -1190140354L, 
24098646L, -692197916L, 639745789L, -799124951L, -2099590303L, 
1688662659L, 635450552L, -2097621136L, 4722916L, 225735974L, 
137991111L, 801117447L, 1758764739L, 1636539505L, 1106333630L, 
-743689678L, 1576710922L, 1837146048L, -1311739911L, 197027845L, 
-1225262187L, -1006311065L, 699630908L, -1614034500L, 1626673344L, 
1965214762L, 2122287787L, -1412780757L, -349652257L, -658862291L, 
-1753930806L, -274867514L, 1835528014L, -1050058884L, -20661531L, 
-55966735L, -40226391L, 754135435L, 461793808L, -611139640L, 
1260560620L, 1867982766L, 1127727967L, -787836257L, 1337033419L, 
229268169L, -1964393594L, 940472490L, 792465458L, -180933048L, 
-118929039L, -1292106883L, -1587821747L, -233223233L, 1515126020L, 
-40804636L, 1845584472L, -2126761662L, 1193401139L, -1955946733L, 
56269015L, -1234475179L, -88292414L, -486256626L, -819470778L, 
-1394366028L, 1941820269L, -1310221511L, -1548255727L, 372389811L, 
2030591976L, 93380768L, 786551988L, -796831882L, -1819735401L, 
933733239L, 1692660691L, -2100375967L, -1894146066L, -1601719806L, 
-1096013766L, -1827424496L, 1070259529L, -1233241259L, 697400613L, 
666346423L, -1400714644L, -1313146260L, 2068640528L, 1702095610L, 
-1839487845L, -783900773L, -1845393617L, -960976515L, 2015250106L, 
1880275446L, 368296606L, -1035809684L, -1073298891L, -304473951L, 
-49462727L, -1061584421L, -1285052832L, 1447292440L, 219670236L, 
1401728670L, 1684663631L, 2141188271L, -609417989L, -1191126183L, 
1027975894L, -1317423526L, 115242050L, 1343483384L, 807621025L, 
-1398093907L, -1767617411L, -2133131345L, 2062739412L, -684172300L, 
1070073288L, 565808690L, -988160509L, -1502028125L, -1400519737L, 
-1160931451L, 872364370L, 1527781150L, -350121802L, -939959996L, 
-1818985571L, -1311256375L, 466730881L, 2086307299L, -508206248L, 
-1176343152L, 770003972L, -1276585082L, -1301900569L, 966989991L, 
-1003090589L, -1868954287L, 2104796254L, 1301832146L, -224803158L, 
1959343456L, 2054306713L, 1901051813L, -1477249355L, 1777720839L, 
29217372L, -169664484L, -1261861536L, 944319498L, -370108917L, 
-1753887413L, 797459263L, -690392563L, 1017883562L, -64176372L, 
-1161958787L, 122617650L, -1983973097L, -378573418L, -428085795L, 
-2081565690L, 1131649585L, -81555672L, 155641109L, -512867514L, 
-1134222001L, 335125930L, -1285731231L, 4414838L, 658685513L, 
-331300164L, -378168979L, 169265866L, -740357153L, 1835296758L, 
1850830541L, -166054106L, -208356991L, 1147064424L, -1943853251L, 
-40327330L, 493745727L, 158294410L, 1562703553L, -2001154722L, 
-1321028607L, -507211972L, -1817980931L, -645583726L, 935008647L, 
1204923766L, 1883029725L, -495475098L, 1553469745L, -1154962824L, 
1394428021L, 2000568966L, 1653177167L, 96219146L, -1667609007L, 
-537658202L, -644373783L, 1157729788L, -201823971L, -1559555318L, 
-29146897L, 58223398L, 1024369789L, 2112198166L, -975640047L, 
-1596301336L, 1094514237L, 1872689546L, 1586776521L, 1444738873L, 
126895514L, 1136529952L, -11086359L, 1194655561L, 1331947360L, 
987194258L, 709614981L, 107288825L, -1803524126L, -803127348L, 
1204773253L, -1860929303L, 1545431444L, -415223286L, 1595524977L, 
213204849L, 1598715586L, -252756640L, -399295255L, 788821489L, 
598348472L, -59743662L, 2031889397L, 2130218161L, 2074193290L, 
1010889332L, -1798302963L, -1976170079L, -837161660L, -1016321254L, 
1581974985L, 1537742169L, 578649002L, -2027042944L, 841850585L, 
-1738508663L, -892188560L, 1486427426L, 1166667493L, 62863625L, 
-397058606L, 88101084L, 15339445L, -33062839L, 1592238020L, -1377633670L, 
1824363361L, 1461989441L, 1488272034L, -2032283584L, 596631769L, 
2087974753L, 791471224L, 856671650L, -2100395179L, 1953585489L, 
-1803842486L, 1617318004L, 2053948909L, -1678092495L, -1525351468L, 
-1446270614L, 1490844841L, 218952505L, -755525990L, -1567526400L, 
1399710057L, 79205641L, -638237024L, 325443858L, 1731907973L, 
-1837396647L, -1499986910L, -1624938228L, 2121836037L, -1880093879L, 
1908808660L, -172365878L, -176377519L, 253168241L, -620827230L, 
